0
3.125
6.25
9.375
12.5
15.625
18.75
21.875
25
28.125
31.25
34.375
37.5
40.625
43.75
46.875
50
53.125
56.25
59.375
62.5
65.625
68.75
71.875
75
78.125
81.25
84.375
87.5
90.625
93.75
96.875
100
103.125
106.25
109.375
112.5
115.625
118.75
121.875
125
128.125
131.25
134.375
137.5
140.625
143.75
146.875
150
153.125
156.25
159.375
162.5
165.625
168.75
171.875
175
178.125
181.25
184.375
187.5
190.625
193.75
196.875
200
203.125
206.25
209.375
212.5
215.625
218.75
221.875
225
228.125
231.25
234.375
237.5
240.625
243.75
246.875
250
253.125
256.25
259.375
262.5
265.625
268.75
271.875
275
278.125
281.25
284.375
287.5
290.625
293.75
296.875
300
303.125
306.25
309.375
312.5
315.625
318.75
321.875
325
328.125
331.25
334.375
337.5
340.625
343.75
346.875
350
353.125
356.25
359.375
362.5
365.625
368.75
371.875
375
378.125
381.25
384.375
387.5
390.625
393.75
396.875
400
403.125
406.25
409.375
412.5
415.625
418.75
421.875
425
428.125
431.25
434.375
437.5
440.625
443.75
446.875
450
453.125
456.25
459.375
462.5
465.625
468.75
471.875
475
478.125
481.25
484.375
487.5
490.625
493.75
496.875
500
503.125
506.25
509.375
512.5
515.625
518.75
521.875
525
528.125
531.25
534.375
537.5
540.625
543.75
546.875
550
553.125
556.25
559.375
562.5
565.625
568.75
571.875
575
578.125
581.25
584.375
587.5
590.625
593.75
596.875
600
603.125
606.25
609.375
612.5
615.625
618.75
621.875
625
628.125
631.25
634.375
637.5
640.625
643.75
646.875
650
653.125
656.25
659.375
662.5
665.625
668.75
671.875
675
678.125
681.25
684.375
687.5
690.625
693.75
696.875
700
703.125
706.25
709.375
712.5
715.625
718.75
721.875
725
728.125
731.25
734.375
737.5
740.625
743.75
746.875
750
753.125
756.25
759.375
762.5
765.625
768.75
771.875
775
778.125
781.25
784.375
787.5
790.625
793.75
796.875
800
803.125
806.25
809.375
812.5
815.625
818.75
821.875
825
828.125
831.25
834.375
837.5
840.625
843.75
846.875
850
853.125
856.25
859.375
862.5
865.625
868.75
871.875
875
878.125
881.25
884.375
887.5
890.625
893.75
896.875
900
903.125
906.25
909.375
912.5
915.625
918.75
921.875
925
928.125
931.25
934.375
937.5
940.625
943.75
946.875
950
953.125
956.25
959.375
962.5
965.625
968.75
971.875
975
978.125
981.25
984.375
987.5
990.625
993.75
996.875
1000
1003.125
1006.25
1009.375
1012.5
1015.625
1018.75
1021.875
1025
1028.125
1031.25
1034.375
1037.5
1040.625
1043.75
1046.875
1050
1053.125
1056.25
1059.375
1062.5
1065.625
1068.75
1071.875
1075
1078.125
1081.25
1084.375
1087.5
1090.625
1093.75
1096.875
1100
1103.125
1106.25
1109.375
1112.5
1115.625
1118.75
1121.875
1125
1128.125
1131.25
1134.375
1137.5
1140.625
1143.75
1146.875
1150
1153.125
1156.25
1159.375
1162.5
1165.625
1168.75
1171.875
1175
1178.125
1181.25
1184.375
1187.5
1190.625
1193.75
1196.875
1200
1203.125
1206.25
1209.375
1212.5
1215.625
1218.75
1221.875
1225
1228.125
1231.25
1234.375
1237.5
1240.625
1243.75
1246.875
1250
1253.125
1256.25
1259.375
1262.5
1265.625
1268.75
1271.875
1275
1278.125
1281.25
1284.375
1287.5
1290.625
1293.75
1296.875
1300
1303.125
1306.25
1309.375
1312.5
1315.625
1318.75
1321.875
1325
1328.125
1331.25
1334.375
1337.5
1340.625
1343.75
1346.875
1350
1353.125
1356.25
1359.375
1362.5
1365.625
1368.75
1371.875
1375
1378.125
1381.25
1384.375
1387.5
1390.625
1393.75
1396.875
1400
1403.125
1406.25
1409.375
1412.5
1415.625
1418.75
1421.875
1425
1428.125
1431.25
1434.375
1437.5
1440.625
1443.75
1446.875
1450
1453.125
1456.25
1459.375
1462.5
1465.625
1468.75
1471.875
1475
1478.125
1481.25
1484.375
1487.5
1490.625
1493.75
1496.875
1500
1503.125
1506.25
1509.375
1512.5
1515.625
1518.75
1521.875
1525
1528.125
1531.25
1534.375
1537.5
1540.625
1543.75
1546.875
1550
1553.125
1556.25
1559.375
1562.5
1565.625
1568.75
1571.875
1575
1578.125
1581.25
1584.375
1587.5
1590.625
1593.75
1596.875
1600
1603.125
1606.25
1609.375
1612.5
1615.625
1618.75
1621.875
1625
1628.125
1631.25
1634.375
1637.5
1640.625
1643.75
1646.875
1650
1653.125
1656.25
1659.375
1662.5
1665.625
1668.75
1671.875
1675
1678.125
1681.25
1684.375
1687.5
1690.625
1693.75
1696.875
1700
1703.125
1706.25
1709.375
1712.5
1715.625
1718.75
1721.875
1725
1728.125
1731.25
1734.375
1737.5
1740.625
1743.75
1746.875
1750
1753.125
1756.25
1759.375
1762.5
1765.625
1768.75
1771.875
1775
1778.125
1781.25
1784.375
1787.5
1790.625
1793.75
1796.875
1800
1803.125
1806.25
1809.375
1812.5
1815.625
1818.75
1821.875
1825
1828.125
1831.25
1834.375
1837.5
1840.625
1843.75
1846.875
1850
1853.125
1856.25
1859.375
1862.5
1865.625
1868.75
1871.875
1875
1878.125
1881.25
1884.375
1887.5
1890.625
1893.75
1896.875
1900
1903.125
1906.25
1909.375
1912.5
1915.625
1918.75
1921.875
1925
1928.125
1931.25
1934.375
1937.5
1940.625
1943.75
1946.875
1950
1953.125
1956.25
1959.375
1962.5
1965.625
1968.75
1971.875
1975
1978.125
1981.25
1984.375
1987.5
1990.625
1993.75
1996.875
2000
2003.125
2006.25
2009.375
2012.5
2015.625
2018.75
2021.875
2025
2028.125
2031.25
2034.375
2037.5
2040.625
2043.75
2046.875
2050
2053.125
2056.25
2059.375
2062.5
2065.625
2068.75
2071.875
2075
2078.125
2081.25
2084.375
2087.5
2090.625
2093.75
2096.875
2100
2103.125
2106.25
2109.375
2112.5
2115.625
2118.75
2121.875
2125
2128.125
2131.25
2134.375
2137.5
2140.625
2143.75
2146.875
2150
2153.125
2156.25
2159.375
2162.5
2165.625
2168.75
2171.875
2175
2178.125
2181.25
2184.375
2187.5
2190.625
2193.75
2196.875
2200
2203.125
2206.25
2209.375
2212.5
2215.625
2218.75
2221.875
2225
2228.125
2231.25
2234.375
2237.5
2240.625
2243.75
2246.875
2250
2253.125
2256.25
2259.375
2262.5
2265.625
2268.75
2271.875
2275
2278.125
2281.25
2284.375
2287.5
2290.625
2293.75
2296.875
2300
2303.125
2306.25
2309.375
2312.5
2315.625
2318.75
2321.875
2325
2328.125
2331.25
2334.375
2337.5
2340.625
2343.75
2346.875
2350
2353.125
2356.25
2359.375
2362.5
2365.625
2368.75
2371.875
2375
2378.125
2381.25
2384.375
2387.5
2390.625
2393.75
2396.875
2400
2403.125
2406.25
2409.375
2412.5
2415.625
2418.75
2421.875
2425
2428.125
2431.25
2434.375
2437.5
2440.625
2443.75
2446.875
2450
2453.125
2456.25
2459.375
2462.5
2465.625
2468.75
2471.875
2475
2478.125
2481.25
2484.375
2487.5
2490.625
2493.75
2496.875
2500
2503.125
2506.25
2509.375
2512.5
2515.625
2518.75
2521.875
2525
2528.125
2531.25
2534.375
2537.5
2540.625
2543.75
2546.875
2550
2553.125
2556.25
2559.375
2562.5
2565.625
2568.75
2571.875
2575
2578.125
2581.25
2584.375
2587.5
2590.625
2593.75
2596.875
2600
2603.125
2606.25
2609.375
2612.5
2615.625
2618.75
2621.875
2625
2628.125
2631.25
2634.375
2637.5
2640.625
2643.75
2646.875
2650
2653.125
2656.25
2659.375
2662.5
2665.625
2668.75
2671.875
2675
2678.125
2681.25
2684.375
2687.5
2690.625
2693.75
2696.875
2700
2703.125
2706.25
2709.375
2712.5
2715.625
2718.75
2721.875
2725
2728.125
2731.25
2734.375
2737.5
2740.625
2743.75
2746.875
2750
2753.125
2756.25
2759.375
2762.5
2765.625
2768.75
2771.875
2775
2778.125
2781.25
2784.375
2787.5
2790.625
2793.75
2796.875
2800
2803.125
2806.25
2809.375
2812.5
2815.625
2818.75
2821.875
2825
2828.125
2831.25
2834.375
2837.5
2840.625
2843.75
2846.875
2850
2853.125
2856.25
2859.375
2862.5
2865.625
2868.75
2871.875
2875
2878.125
2881.25
2884.375
2887.5
2890.625
2893.75
2896.875
2900
2903.125
2906.25
2909.375
2912.5
2915.625
2918.75
2921.875
2925
2928.125
2931.25
2934.375
2937.5
2940.625
2943.75
2946.875
2950
2953.125
2956.25
2959.375
2962.5
2965.625
2968.75
2971.875
2975
2978.125
2981.25
2984.375
2987.5
2990.625
2993.75
2996.875
3000
3003.125
3006.25
3009.375
3012.5
3015.625
3018.75
3021.875
3025
3028.125
3031.25
3034.375
3037.5
3040.625
3043.75
3046.875
3050
3053.125
3056.25
3059.375
3062.5
3065.625
3068.75
3071.875
3075
3078.125
3081.25
3084.375
3087.5
3090.625
3093.75
3096.875
3100
3103.125
3106.25
3109.375
3112.5
3115.625
3118.75
3121.875
3125
3128.125
3131.25
3134.375
3137.5
3140.625
3143.75
3146.875
3150
3153.125
3156.25
3159.375
3162.5
3165.625
3168.75
3171.875
3175
3178.125
3181.25
3184.375
3187.5
3190.625
3193.75
3196.875
3200
3203.125
3206.25
3209.375
3212.5
3215.625
3218.75
3221.875
3225
3228.125
3231.25
3234.375
3237.5
3240.625
3243.75
3246.875
3250
3253.125
3256.25
3259.375
3262.5
3265.625
3268.75
3271.875
3275
3278.125
3281.25
3284.375
3287.5
3290.625
3293.75
3296.875
3300
3303.125
3306.25
3309.375
3312.5
3315.625
3318.75
3321.875
3325
3328.125
3331.25
3334.375
3337.5
3340.625
3343.75
3346.875
3350
3353.125
3356.25
3359.375
3362.5
3365.625
3368.75
3371.875
3375
3378.125
3381.25
3384.375
3387.5
3390.625
3393.75
3396.875
3400
3403.125
3406.25
3409.375
3412.5
3415.625
3418.75
3421.875
3425
3428.125
3431.25
3434.375
3437.5
3440.625
3443.75
3446.875
3450
3453.125
3456.25
3459.375
3462.5
3465.625
3468.75
3471.875
3475
3478.125
3481.25
3484.375
3487.5
3490.625
3493.75
3496.875
3500
3503.125
3506.25
3509.375
3512.5
3515.625
3518.75
3521.875
3525
3528.125
3531.25
3534.375
3537.5
3540.625
3543.75
3546.875
3550
3553.125
3556.25
3559.375
3562.5
3565.625
3568.75
3571.875
3575
3578.125
3581.25
3584.375
3587.5
3590.625
3593.75
3596.875
3600
3603.125
3606.25
3609.375
3612.5
3615.625
3618.75
3621.875
3625
3628.125
3631.25
3634.375
3637.5
3640.625
3643.75
3646.875
3650
3653.125
3656.25
3659.375
3662.5
3665.625
3668.75
3671.875
3675
3678.125
3681.25
3684.375
3687.5
3690.625
3693.75
3696.875
3700
3703.125
3706.25
3709.375
3712.5
3715.625
3718.75
3721.875
3725
3728.125
3731.25
3734.375
3737.5
3740.625
3743.75
3746.875
3750
3753.125
3756.25
3759.375
3762.5
3765.625
3768.75
3771.875
3775
3778.125
3781.25
3784.375
3787.5
3790.625
3793.75
3796.875
3800
3803.125
3806.25
3809.375
3812.5
3815.625
3818.75
3821.875
3825
3828.125
3831.25
3834.375
3837.5
3840.625
3843.75
3846.875
3850
3853.125
3856.25
3859.375
3862.5
3865.625
3868.75
3871.875
3875
3878.125
3881.25
3884.375
3887.5
3890.625
3893.75
3896.875
3900
3903.125
3906.25
3909.375
3912.5
3915.625
3918.75
3921.875
3925
3928.125
3931.25
3934.375
3937.5
3940.625
3943.75
3946.875
3950
3953.125
3956.25
3959.375
3962.5
3965.625
3968.75
3971.875
3975
3978.125
3981.25
3984.375
3987.5
3990.625
3993.75
3996.875
4000
4003.125
4006.25
4009.375
4012.5
4015.625
4018.75
4021.875
4025
4028.125
4031.25
4034.375
4037.5
4040.625
4043.75
4046.875
4050
4053.125
4056.25
4059.375
4062.5
4065.625
4068.75
4071.875
4075
4078.125
4081.25
4084.375
4087.5
4090.625
4093.75
4096.875
4100
4103.125
4106.25
4109.375
4112.5
4115.625
4118.75
4121.875
4125
4128.125
4131.25
4134.375
4137.5
4140.625
4143.75
4146.875
4150
4153.125
4156.25
4159.375
4162.5
4165.625
4168.75
4171.875
4175
4178.125
4181.25
4184.375
4187.5
4190.625
4193.75
4196.875
4200
4203.125
4206.25
4209.375
4212.5
4215.625
4218.75
4221.875
4225
4228.125
4231.25
4234.375
4237.5
4240.625
4243.75
4246.875
4250
4253.125
4256.25
4259.375
4262.5
4265.625
4268.75
4271.875
4275
4278.125
4281.25
4284.375
4287.5
4290.625
4293.75
4296.875
4300
4303.125
4306.25
4309.375
4312.5
4315.625
4318.75
4321.875
4325
4328.125
4331.25
4334.375
4337.5
4340.625
4343.75
4346.875
4350
4353.125
4356.25
4359.375
4362.5
4365.625
4368.75
4371.875
4375
4378.125
4381.25
4384.375
4387.5
4390.625
4393.75
4396.875
4400
4403.125
4406.25
4409.375
4412.5
4415.625
4418.75
4421.875
4425
4428.125
4431.25
4434.375
4437.5
4440.625
4443.75
4446.875
4450
4453.125
4456.25
4459.375
4462.5
4465.625
4468.75
4471.875
4475
4478.125
4481.25
4484.375
4487.5
4490.625
4493.75
4496.875
4500
4503.125
4506.25
4509.375
4512.5
4515.625
4518.75
4521.875
4525
4528.125
4531.25
4534.375
4537.5
4540.625
4543.75
4546.875
4550
4553.125
4556.25
4559.375
4562.5
4565.625
4568.75
4571.875
4575
4578.125
4581.25
4584.375
4587.5
4590.625
4593.75
4596.875
4600
4603.125
4606.25
4609.375
4612.5
4615.625
4618.75
4621.875
4625
4628.125
4631.25
4634.375
4637.5
4640.625
4643.75
4646.875
4650
4653.125
4656.25
4659.375
4662.5
4665.625
4668.75
4671.875
4675
4678.125
4681.25
4684.375
4687.5
4690.625
4693.75
4696.875
4700
4703.125
4706.25
4709.375
4712.5
4715.625
4718.75
4721.875
4725
4728.125
4731.25
4734.375
4737.5
4740.625
4743.75
4746.875
4750
4753.125
4756.25
4759.375
4762.5
4765.625
4768.75
4771.875
4775
4778.125
4781.25
4784.375
4787.5
4790.625
4793.75
4796.875
4800
4803.125
4806.25
4809.375
4812.5
4815.625
4818.75
4821.875
4825
4828.125
4831.25
4834.375
4837.5
4840.625
4843.75
4846.875
4850
4853.125
4856.25
4859.375
4862.5
4865.625
4868.75
4871.875
4875
4878.125
4881.25
4884.375
4887.5
4890.625
4893.75
4896.875
4900
4903.125
4906.25
4909.375
4912.5
4915.625
4918.75
4921.875
4925
4928.125
4931.25
4934.375
4937.5
4940.625
4943.75
4946.875
4950
4953.125
4956.25
4959.375
4962.5
4965.625
4968.75
4971.875
4975
4978.125
4981.25
4984.375
4987.5
4990.625
4993.75
4996.875
5000
5003.125
5006.25
5009.375
5012.5
5015.625
5018.75
5021.875
5025
5028.125
5031.25
5034.375
5037.5
5040.625
5043.75
5046.875
5050
5053.125
5056.25
5059.375
5062.5
5065.625
5068.75
5071.875
5075
5078.125
5081.25
5084.375
5087.5
5090.625
5093.75
5096.875
5100
5103.125
5106.25
5109.375
5112.5
5115.625
5118.75
5121.875
5125
5128.125
5131.25
5134.375
5137.5
5140.625
5143.75
5146.875
5150
5153.125
5156.25
5159.375
5162.5
5165.625
5168.75
5171.875
5175
5178.125
5181.25
5184.375
5187.5
5190.625
5193.75
5196.875
5200
5203.125
5206.25
5209.375
5212.5
5215.625
5218.75
5221.875
5225
5228.125
5231.25
5234.375
5237.5
5240.625
5243.75
5246.875
5250
5253.125
5256.25
5259.375
5262.5
5265.625
5268.75
5271.875
5275
5278.125
5281.25
5284.375
5287.5
5290.625
5293.75
5296.875
5300
5303.125
5306.25
5309.375
5312.5
5315.625
5318.75
5321.875
5325
5328.125
5331.25
5334.375
5337.5
5340.625
5343.75
5346.875
5350
5353.125
5356.25
5359.375
5362.5
5365.625
5368.75
5371.875
5375
5378.125
5381.25
5384.375
5387.5
5390.625
5393.75
5396.875
5400
5403.125
5406.25
5409.375
5412.5
5415.625
5418.75
5421.875
5425
5428.125
5431.25
5434.375
5437.5
5440.625
5443.75
5446.875
5450
5453.125
5456.25
5459.375
5462.5
5465.625
5468.75
5471.875
5475
5478.125
5481.25
5484.375
5487.5
5490.625
5493.75
5496.875
5500
5503.125
5506.25
5509.375
5512.5
5515.625
5518.75
5521.875
5525
5528.125
5531.25
5534.375
5537.5
5540.625
5543.75
5546.875
5550
5553.125
5556.25
5559.375
5562.5
5565.625
5568.75
5571.875
5575
5578.125
5581.25
5584.375
5587.5
5590.625
5593.75
5596.875
5600
5603.125
5606.25
5609.375
5612.5
5615.625
5618.75
5621.875
5625
5628.125
5631.25
5634.375
5637.5
5640.625
5643.75
5646.875
5650
5653.125
5656.25
5659.375
5662.5
5665.625
5668.75
5671.875
5675
5678.125
5681.25
5684.375
5687.5
5690.625
5693.75
5696.875
5700
5703.125
5706.25
5709.375
5712.5
5715.625
5718.75
5721.875
5725
5728.125
5731.25
5734.375
5737.5
5740.625
5743.75
5746.875
5750
5753.125
5756.25
5759.375
5762.5
5765.625
5768.75
5771.875
5775
5778.125
5781.25
5784.375
5787.5
5790.625
5793.75
5796.875
5800
5803.125
5806.25
5809.375
5812.5
5815.625
5818.75
5821.875
5825
5828.125
5831.25
5834.375
5837.5
5840.625
5843.75
5846.875
5850
5853.125
5856.25
5859.375
5862.5
5865.625
5868.75
5871.875
5875
5878.125
5881.25
5884.375
5887.5
5890.625
5893.75
5896.875
5900
5903.125
5906.25
5909.375
5912.5
5915.625
5918.75
5921.875
5925
5928.125
5931.25
5934.375
5937.5
5940.625
5943.75
5946.875
5950
5953.125
5956.25
5959.375
5962.5
5965.625
5968.75
5971.875
5975
5978.125
5981.25
5984.375
5987.5
5990.625
5993.75
5996.875
6000
6003.125
6006.25
6009.375
6012.5
6015.625
6018.75
6021.875
6025
6028.125
6031.25
6034.375
6037.5
6040.625
6043.75
6046.875
6050
6053.125
6056.25
6059.375
6062.5
6065.625
6068.75
6071.875
6075
6078.125
6081.25
6084.375
6087.5
6090.625
6093.75
6096.875
6100
6103.125
6106.25
6109.375
6112.5
6115.625
6118.75
6121.875
6125
6128.125
6131.25
6134.375
6137.5
6140.625
6143.75
6146.875
6150
6153.125
6156.25
6159.375
6162.5
6165.625
6168.75
6171.875
6175
6178.125
6181.25
6184.375
6187.5
6190.625
6193.75
6196.875
6200
6203.125
6206.25
6209.375
6212.5
6215.625
6218.75
6221.875
6225
6228.125
6231.25
6234.375
6237.5
6240.625
6243.75
6246.875
6250
6253.125
6256.25
6259.375
6262.5
6265.625
6268.75
6271.875
6275
6278.125
6281.25
6284.375
6287.5
6290.625
6293.75
6296.875
6300
6303.125
6306.25
6309.375
6312.5
6315.625
6318.75
6321.875
6325
6328.125
6331.25
6334.375
6337.5
6340.625
6343.75
6346.875
6350
6353.125
6356.25
6359.375
6362.5
6365.625
6368.75
6371.875
6375
6378.125
6381.25
6384.375
6387.5
6390.625
6393.75
6396.875
6400
6403.125
6406.25
6409.375
6412.5
6415.625
6418.75
6421.875
6425
6428.125
6431.25
6434.375
6437.5
6440.625
6443.75
6446.875
6450
6453.125
6456.25
6459.375
6462.5
6465.625
6468.75
6471.875
6475
6478.125
6481.25
6484.375
6487.5
6490.625
6493.75
6496.875
6500
6503.125
6506.25
6509.375
6512.5
6515.625
6518.75
6521.875
6525
6528.125
6531.25
6534.375
6537.5
6540.625
6543.75
6546.875
6550
6553.125
6556.25
6559.375
6562.5
6565.625
6568.75
6571.875
6575
6578.125
6581.25
6584.375
6587.5
6590.625
6593.75
6596.875
6600
6603.125
6606.25
6609.375
6612.5
6615.625
6618.75
6621.875
6625
6628.125
6631.25
6634.375
6637.5
6640.625
6643.75
6646.875
6650
6653.125
6656.25
6659.375
6662.5
6665.625
6668.75
6671.875
6675
6678.125
6681.25
6684.375
6687.5
6690.625
6693.75
6696.875
6700
6703.125
6706.25
6709.375
6712.5
6715.625
6718.75
6721.875
6725
6728.125
6731.25
6734.375
6737.5
6740.625
6743.75
6746.875
6750
6753.125
6756.25
6759.375
6762.5
6765.625
6768.75
6771.875
6775
6778.125
6781.25
6784.375
6787.5
6790.625
6793.75
6796.875
6800
6803.125
6806.25
6809.375
6812.5
6815.625
6818.75
6821.875
6825
6828.125
6831.25
6834.375
6837.5
6840.625
6843.75
6846.875
6850
6853.125
6856.25
6859.375
6862.5
6865.625
6868.75
6871.875
6875
6878.125
6881.25
6884.375
6887.5
6890.625
6893.75
6896.875
6900
6903.125
6906.25
6909.375
6912.5
6915.625
6918.75
6921.875
6925
6928.125
6931.25
6934.375
6937.5
6940.625
6943.75
6946.875
6950
6953.125
6956.25
6959.375
6962.5
6965.625
6968.75
6971.875
6975
6978.125
6981.25
6984.375
6987.5
6990.625
6993.75
6996.875
7000
7003.125
7006.25
7009.375
7012.5
7015.625
7018.75
7021.875
7025
7028.125
7031.25
7034.375
7037.5
7040.625
7043.75
7046.875
7050
7053.125
7056.25
7059.375
7062.5
7065.625
7068.75
7071.875
7075
7078.125
7081.25
7084.375
7087.5
7090.625
7093.75
7096.875
7100
7103.125
7106.25
7109.375
7112.5
7115.625
7118.75
7121.875
7125
7128.125
7131.25
7134.375
7137.5
7140.625
7143.75
7146.875
7150
7153.125
7156.25
7159.375
7162.5
7165.625
7168.75
7171.875
7175
7178.125
7181.25
7184.375
7187.5
7190.625
7193.75
7196.875
7200
7203.125
7206.25
7209.375
7212.5
7215.625
7218.75
7221.875
7225
7228.125
7231.25
7234.375
7237.5
7240.625
7243.75
7246.875
7250
7253.125
7256.25
7259.375
7262.5
7265.625
7268.75
7271.875
7275
7278.125
7281.25
7284.375
7287.5
7290.625
7293.75
7296.875
7300
7303.125
7306.25
7309.375
7312.5
7315.625
7318.75
7321.875
7325
7328.125
7331.25
7334.375
7337.5
7340.625
7343.75
7346.875
7350
7353.125
7356.25
7359.375
7362.5
7365.625
7368.75
7371.875
7375
7378.125
7381.25
7384.375
7387.5
7390.625
7393.75
7396.875
7400
7403.125
7406.25
7409.375
7412.5
7415.625
7418.75
7421.875
7425
7428.125
7431.25
7434.375
7437.5
7440.625
7443.75
7446.875
7450
7453.125
7456.25
7459.375
7462.5
7465.625
7468.75
7471.875
7475
7478.125
7481.25
7484.375
7487.5
7490.625
7493.75
7496.875
7500
7503.125
7506.25
7509.375
7512.5
7515.625
7518.75
7521.875
7525
7528.125
7531.25
7534.375
7537.5
7540.625
7543.75
7546.875
7550
7553.125
7556.25
7559.375
7562.5
7565.625
7568.75
7571.875
7575
7578.125
7581.25
7584.375
7587.5
7590.625
7593.75
7596.875
7600
7603.125
7606.25
7609.375
7612.5
7615.625
7618.75
7621.875
7625
7628.125
7631.25
7634.375
7637.5
7640.625
7643.75
7646.875
7650
7653.125
7656.25
7659.375
7662.5
7665.625
7668.75
7671.875
7675
7678.125
7681.25
7684.375
7687.5
7690.625
7693.75
7696.875
7700
7703.125
7706.25
7709.375
7712.5
7715.625
7718.75
7721.875
7725
7728.125
7731.25
7734.375
7737.5
7740.625
7743.75
7746.875
7750
7753.125
7756.25
7759.375
7762.5
7765.625
7768.75
7771.875
7775
7778.125
7781.25
7784.375
7787.5
7790.625
7793.75
7796.875
7800
7803.125
7806.25
7809.375
7812.5
7815.625
7818.75
7821.875
7825
7828.125
7831.25
7834.375
7837.5
7840.625
7843.75
7846.875
7850
7853.125
7856.25
7859.375
7862.5
7865.625
7868.75
7871.875
7875
7878.125
7881.25
7884.375
7887.5
7890.625
7893.75
7896.875
7900
7903.125
7906.25
7909.375
7912.5
7915.625
7918.75
7921.875
7925
7928.125
7931.25
7934.375
7937.5
7940.625
7943.75
7946.875
7950
7953.125
7956.25
7959.375
7962.5
7965.625
7968.75
7971.875
7975
7978.125
7981.25
7984.375
7987.5
7990.625
7993.75
7996.875
8000
8003.125
8006.25
8009.375
8012.5
8015.625
8018.75
8021.875
8025
8028.125
8031.25
8034.375
8037.5
8040.625
8043.75
8046.875
8050
8053.125
8056.25
8059.375
8062.5
8065.625
8068.75
8071.875
8075
8078.125
8081.25
8084.375
8087.5
8090.625
8093.75
8096.875
8100
8103.125
8106.25
8109.375
8112.5
8115.625
8118.75
8121.875
8125
8128.125
8131.25
8134.375
8137.5
8140.625
8143.75
8146.875
8150
8153.125
8156.25
8159.375
8162.5
8165.625
8168.75
8171.875
8175
8178.125
8181.25
8184.375
8187.5
8190.625
8193.75
8196.875
8200
8203.125
8206.25
8209.375
8212.5
8215.625
8218.75
8221.875
8225
8228.125
8231.25
8234.375
8237.5
8240.625
8243.75
8246.875
8250
8253.125
8256.25
8259.375
8262.5
8265.625
8268.75
8271.875
8275
8278.125
8281.25
8284.375
8287.5
8290.625
8293.75
8296.875
8300
8303.125
8306.25
8309.375
8312.5
8315.625
8318.75
8321.875
8325
8328.125
8331.25
8334.375
8337.5
8340.625
8343.75
8346.875
8350
8353.125
8356.25
8359.375
8362.5
8365.625
8368.75
8371.875
8375
8378.125
8381.25
8384.375
8387.5
8390.625
8393.75
8396.875
8400
8403.125
8406.25
8409.375
8412.5
8415.625
8418.75
8421.875
8425
8428.125
8431.25
8434.375
8437.5
8440.625
8443.75
8446.875
8450
8453.125
8456.25
8459.375
8462.5
8465.625
8468.75
8471.875
8475
8478.125
8481.25
8484.375
8487.5
8490.625
8493.75
8496.875
8500
8503.125
8506.25
8509.375
8512.5
8515.625
8518.75
8521.875
8525
8528.125
8531.25
8534.375
8537.5
8540.625
8543.75
8546.875
8550
8553.125
8556.25
8559.375
8562.5
8565.625
8568.75
8571.875
8575
8578.125
8581.25
8584.375
8587.5
8590.625
8593.75
8596.875
8600
8603.125
8606.25
8609.375
8612.5
8615.625
8618.75
8621.875
8625
8628.125
8631.25
8634.375
8637.5
8640.625
8643.75
8646.875
8650
8653.125
8656.25
8659.375
8662.5
8665.625
8668.75
8671.875
8675
8678.125
8681.25
8684.375
8687.5
8690.625
8693.75
8696.875
8700
8703.125
8706.25
8709.375
8712.5
8715.625
8718.75
8721.875
8725
8728.125
8731.25
8734.375
8737.5
8740.625
8743.75
8746.875
8750
8753.125
8756.25
8759.375
8762.5
8765.625
8768.75
8771.875
8775
8778.125
8781.25
8784.375
8787.5
8790.625
8793.75
8796.875
8800
8803.125
8806.25
8809.375
8812.5
8815.625
8818.75
8821.875
8825
8828.125
8831.25
8834.375
8837.5
8840.625
8843.75
8846.875
8850
8853.125
8856.25
8859.375
8862.5
8865.625
8868.75
8871.875
8875
8878.125
8881.25
8884.375
8887.5
8890.625
8893.75
8896.875
8900
8903.125
8906.25
8909.375
8912.5
8915.625
8918.75
8921.875
8925
8928.125
8931.25
8934.375
8937.5
8940.625
8943.75
8946.875
8950
8953.125
8956.25
8959.375
8962.5
8965.625
8968.75
8971.875
8975
8978.125
8981.25
8984.375
8987.5
8990.625
8993.75
8996.875
9000
9003.125
9006.25
9009.375
9012.5
9015.625
9018.75
9021.875
9025
9028.125
9031.25
9034.375
9037.5
9040.625
9043.75
9046.875
9050
9053.125
9056.25
9059.375
9062.5
9065.625
9068.75
9071.875
9075
9078.125
9081.25
9084.375
9087.5
9090.625
9093.75
9096.875
9100
9103.125
9106.25
9109.375
9112.5
9115.625
9118.75
9121.875
9125
9128.125
9131.25
9134.375
9137.5
9140.625
9143.75
9146.875
9150
9153.125
9156.25
9159.375
9162.5
9165.625
9168.75
9171.875
9175
9178.125
9181.25
9184.375
9187.5
9190.625
9193.75
9196.875
9200
9203.125
9206.25
9209.375
9212.5
9215.625
9218.75
9221.875
9225
9228.125
9231.25
9234.375
9237.5
9240.625
9243.75
9246.875
9250
9253.125
9256.25
9259.375
9262.5
9265.625
9268.75
9271.875
9275
9278.125
9281.25
9284.375
9287.5
9290.625
9293.75
9296.875
9300
9303.125
9306.25
9309.375
9312.5
9315.625
9318.75
9321.875
9325
9328.125
9331.25
9334.375
9337.5
9340.625
9343.75
9346.875
9350
9353.125
9356.25
9359.375
9362.5
9365.625
9368.75
9371.875
9375
9378.125
9381.25
9384.375
9387.5
9390.625
9393.75
9396.875
9400
9403.125
9406.25
9409.375
9412.5
9415.625
9418.75
9421.875
9425
9428.125
9431.25
9434.375
9437.5
9440.625
9443.75
9446.875
9450
9453.125
9456.25
9459.375
9462.5
9465.625
9468.75
9471.875
9475
9478.125
9481.25
9484.375
9487.5
9490.625
9493.75
9496.875
9500
9503.125
9506.25
9509.375
9512.5
9515.625
9518.75
9521.875
9525
9528.125
9531.25
9534.375
9537.5
9540.625
9543.75
9546.875
9550
9553.125
9556.25
9559.375
9562.5
9565.625
9568.75
9571.875
9575
9578.125
9581.25
9584.375
9587.5
9590.625
9593.75
9596.875
9600
9603.125
9606.25
9609.375
9612.5
9615.625
9618.75
9621.875
9625
9628.125
9631.25
9634.375
9637.5
9640.625
9643.75
9646.875
9650
9653.125
9656.25
9659.375
9662.5
9665.625
9668.75
9671.875
9675
9678.125
9681.25
9684.375
9687.5
9690.625
9693.75
9696.875
9700
9703.125
9706.25
9709.375
9712.5
9715.625
9718.75
9721.875
9725
9728.125
9731.25
9734.375
9737.5
9740.625
9743.75
9746.875
9750
9753.125
9756.25
9759.375
9762.5
9765.625
9768.75
9771.875
9775
9778.125
9781.25
9784.375
9787.5
9790.625
9793.75
9796.875
9800
9803.125
9806.25
9809.375
9812.5
9815.625
9818.75
9821.875
9825
9828.125
9831.25
9834.375
9837.5
9840.625
9843.75
9846.875
9850
9853.125
9856.25
9859.375
9862.5
9865.625
9868.75
9871.875
9875
9878.125
9881.25
9884.375
9887.5
9890.625
9893.75
9896.875
9900
9903.125
9906.25
9909.375
9912.5
9915.625
9918.75
9921.875
9925
9928.125
9931.25
9934.375
9937.5
9940.625
9943.75
9946.875
9950
9953.125
9956.25
9959.375
9962.5
9965.625
9968.75
9971.875
9975
9978.125
9981.25
9984.375
9987.5
9990.625
9993.75
9996.875
10000
10003.13
10006.25
10009.37
10012.5
10015.63
10018.75
10021.88
10025
10028.12
10031.25
10034.38
10037.5
10040.62
10043.75
10046.88
10050
10053.13
10056.25
10059.37
10062.5
10065.63
10068.75
10071.87
10075
10078.13
10081.25
10084.38
10087.5
10090.62
10093.75
10096.88
10100
10103.12
10106.25
10109.38
10112.5
10115.63
10118.75
10121.87
10125
10128.13
10131.25
10134.37
10137.5
10140.63
10143.75
10146.88
10150
10153.12
10156.25
10159.38
10162.5
10165.62
10168.75
10171.88
10175
10178.13
10181.25
10184.37
10187.5
10190.63
10193.75
10196.87
10200
10203.13
10206.25
10209.38
10212.5
10215.62
10218.75
10221.88
10225
10228.12
10231.25
10234.38
10237.5
10240.63
10243.75
10246.87
10250
10253.13
10256.25
10259.37
10262.5
10265.63
10268.75
10271.88
10275
10278.12
10281.25
10284.38
10287.5
10290.62
10293.75
10296.88
10300
10303.13
10306.25
10309.37
10312.5
10315.63
10318.75
10321.87
10325
10328.13
10331.25
10334.38
10337.5
10340.62
10343.75
10346.88
10350
10353.12
10356.25
10359.38
10362.5
10365.63
10368.75
10371.87
10375
10378.13
10381.25
10384.37
10387.5
10390.63
10393.75
10396.88
10400
10403.12
10406.25
10409.38
10412.5
10415.62
10418.75
10421.88
10425
10428.13
10431.25
10434.37
10437.5
10440.63
10443.75
10446.87
10450
10453.13
10456.25
10459.38
10462.5
10465.62
10468.75
10471.88
10475
10478.12
10481.25
10484.38
10487.5
10490.63
10493.75
10496.87
10500
10503.13
10506.25
10509.37
10512.5
10515.63
10518.75
10521.88
10525
10528.12
10531.25
10534.38
10537.5
10540.62
10543.75
10546.88
10550
10553.13
10556.25
10559.37
10562.5
10565.63
10568.75
10571.87
10575
10578.13
10581.25
10584.38
10587.5
10590.62
10593.75
10596.88
10600
10603.12
10606.25
10609.38
10612.5
10615.63
10618.75
10621.87
10625
10628.13
10631.25
10634.37
10637.5
10640.63
10643.75
10646.88
10650
10653.12
10656.25
10659.38
10662.5
10665.62
10668.75
10671.88
10675
10678.13
10681.25
10684.37
10687.5
10690.63
10693.75
10696.87
10700
10703.13
10706.25
10709.38
10712.5
10715.62
10718.75
10721.88
10725
10728.12
10731.25
10734.38
10737.5
10740.63
10743.75
10746.87
10750
10753.13
10756.25
10759.37
10762.5
10765.63
10768.75
10771.88
10775
10778.12
10781.25
10784.38
10787.5
10790.62
10793.75
10796.88
10800
10803.13
10806.25
10809.37
10812.5
10815.63
10818.75
10821.87
10825
10828.13
10831.25
10834.38
10837.5
10840.62
10843.75
10846.88
10850
10853.12
10856.25
10859.38
10862.5
10865.63
10868.75
10871.87
10875
10878.13
10881.25
10884.37
10887.5
10890.63
10893.75
10896.88
10900
10903.12
10906.25
10909.38
10912.5
10915.62
10918.75
10921.88
10925
10928.13
10931.25
10934.37
10937.5
10940.63
10943.75
10946.87
10950
10953.13
10956.25
10959.38
10962.5
10965.62
10968.75
10971.88
10975
10978.12
10981.25
10984.38
10987.5
10990.63
10993.75
10996.87
11000
11003.13
11006.25
11009.37
11012.5
11015.63
11018.75
11021.88
11025
11028.12
11031.25
11034.38
11037.5
11040.62
11043.75
11046.88
11050
11053.13
11056.25
11059.37
11062.5
11065.63
11068.75
11071.87
11075
11078.13
11081.25
11084.38
11087.5
11090.62
11093.75
11096.88
11100
11103.12
11106.25
11109.38
11112.5
11115.63
11118.75
11121.87
11125
11128.13
11131.25
11134.37
11137.5
11140.63
11143.75
11146.88
11150
11153.12
11156.25
11159.38
11162.5
11165.62
11168.75
11171.88
11175
11178.13
11181.25
11184.37
11187.5
11190.63
11193.75
11196.87
11200
11203.13
11206.25
11209.38
11212.5
11215.62
11218.75
11221.88
11225
11228.12
11231.25
11234.38
11237.5
11240.63
11243.75
11246.87
11250
11253.13
11256.25
11259.37
11262.5
11265.63
11268.75
11271.88
11275
11278.12
11281.25
11284.38
11287.5
11290.62
11293.75
11296.88
11300
11303.13
11306.25
11309.37
11312.5
11315.63
11318.75
11321.87
11325
11328.13
11331.25
11334.38
11337.5
11340.62
11343.75
11346.88
11350
11353.12
11356.25
11359.38
11362.5
11365.63
11368.75
11371.87
11375
11378.13
11381.25
11384.37
11387.5
11390.63
11393.75
11396.88
11400
11403.12
11406.25
11409.38
11412.5
11415.62
11418.75
11421.88
11425
11428.13
11431.25
11434.37
11437.5
11440.63
11443.75
11446.87
11450
11453.13
11456.25
11459.38
11462.5
11465.62
11468.75
11471.88
11475
11478.12
11481.25
11484.38
11487.5
11490.63
11493.75
11496.87
11500
11503.13
11506.25
11509.37
11512.5
11515.63
11518.75
11521.88
11525
11528.12
11531.25
11534.38
11537.5
11540.62
11543.75
11546.88
11550
11553.13
11556.25
11559.37
11562.5
11565.63
11568.75
11571.87
11575
11578.13
11581.25
11584.38
11587.5
11590.62
11593.75
11596.88
11600
11603.12
11606.25
11609.38
11612.5
11615.63
11618.75
11621.87
11625
11628.13
11631.25
11634.37
11637.5
11640.63
11643.75
11646.88
11650
11653.12
11656.25
11659.38
11662.5
11665.62
11668.75
11671.88
11675
11678.13
11681.25
11684.37
11687.5
11690.63
11693.75
11696.87
11700
11703.13
11706.25
11709.38
11712.5
11715.62
11718.75
11721.88
11725
11728.12
11731.25
11734.38
11737.5
11740.63
11743.75
11746.87
11750
11753.13
11756.25
11759.37
11762.5
11765.63
11768.75
11771.88
11775
11778.12
11781.25
11784.38
11787.5
11790.62
11793.75
11796.88
11800
11803.13
11806.25
11809.37
11812.5
11815.63
11818.75
11821.87
11825
11828.13
11831.25
11834.38
11837.5
11840.62
11843.75
11846.88
11850
11853.12
11856.25
11859.38
11862.5
11865.63
11868.75
11871.87
11875
11878.13
11881.25
11884.37
11887.5
11890.63
11893.75
11896.88
11900
11903.12
11906.25
11909.38
11912.5
11915.62
11918.75
11921.88
11925
11928.13
11931.25
11934.37
11937.5
11940.63
11943.75
11946.87
11950
11953.13
11956.25
11959.38
11962.5
11965.62
11968.75
11971.88
11975
11978.12
11981.25
11984.38
11987.5
11990.63
11993.75
11996.87
12000
12003.13
12006.25
12009.37
12012.5
12015.63
12018.75
12021.88
12025
12028.12
12031.25
12034.38
12037.5
12040.62
12043.75
12046.88
12050
12053.13
12056.25
12059.37
12062.5
12065.63
12068.75
12071.87
12075
12078.13
12081.25
12084.38
12087.5
12090.62
12093.75
12096.88
12100
12103.12
12106.25
12109.38
12112.5
12115.63
12118.75
12121.87
12125
12128.13
12131.25
12134.37
12137.5
12140.63
12143.75
12146.88
12150
12153.12
12156.25
12159.38
12162.5
12165.62
12168.75
12171.88
12175
12178.13
12181.25
12184.37
12187.5
12190.63
12193.75
12196.87
12200
12203.13
12206.25
12209.38
12212.5
12215.62
12218.75
12221.88
12225
12228.12
12231.25
12234.38
12237.5
12240.63
12243.75
12246.87
12250
12253.13
12256.25
12259.37
12262.5
12265.63
12268.75
12271.88
12275
12278.12
12281.25
12284.38
12287.5
12290.62
12293.75
12296.88
12300
12303.13
12306.25
12309.37
12312.5
12315.63
12318.75
12321.87
12325
12328.13
12331.25
12334.38
12337.5
12340.62
12343.75
12346.88
12350
12353.12
12356.25
12359.38
12362.5
12365.63
12368.75
12371.87
12375
12378.13
12381.25
12384.37
12387.5
12390.63
12393.75
12396.88
12400
12403.12
12406.25
12409.38
12412.5
12415.62
12418.75
12421.88
12425
12428.13
12431.25
12434.37
12437.5
12440.63
12443.75
12446.87
12450
12453.13
12456.25
12459.38
12462.5
12465.62
12468.75
12471.88
12475
12478.12
12481.25
12484.38
12487.5
12490.63
12493.75
12496.87
12500
12503.13
12506.25
12509.37
12512.5
12515.63
12518.75
12521.88
12525
12528.12
12531.25
12534.38
12537.5
12540.62
12543.75
12546.88
12550
12553.13
12556.25
12559.37
12562.5
12565.63
12568.75
12571.87
12575
12578.13
12581.25
12584.38
12587.5
12590.62
12593.75
12596.88
12600
12603.12
12606.25
12609.38
12612.5
12615.63
12618.75
12621.87
12625
12628.13
12631.25
12634.37
12637.5
12640.63
12643.75
12646.88
12650
12653.12
12656.25
12659.38
12662.5
12665.62
12668.75
12671.88
12675
12678.13
12681.25
12684.37
12687.5
12690.63
12693.75
12696.87
12700
12703.13
12706.25
12709.38
12712.5
12715.62
12718.75
12721.88
12725
12728.12
12731.25
12734.38
12737.5
12740.63
12743.75
12746.87
12750
12753.13
12756.25
12759.37
12762.5
12765.63
12768.75
12771.88
12775
12778.12
12781.25
12784.38
12787.5
12790.62
12793.75
12796.88
12800
12803.13
12806.25
12809.37
12812.5
12815.63
12818.75
12821.87
12825
12828.13
12831.25
12834.38
12837.5
12840.62
12843.75
12846.88
12850
12853.12
12856.25
12859.38
12862.5
12865.63
12868.75
12871.87
12875
12878.13
12881.25
12884.37
12887.5
12890.63
12893.75
12896.88
12900
12903.12
12906.25
12909.38
12912.5
12915.62
12918.75
12921.88
12925
12928.13
12931.25
12934.37
12937.5
12940.63
12943.75
12946.87
12950
12953.13
12956.25
12959.38
12962.5
12965.62
12968.75
12971.88
12975
12978.12
12981.25
12984.38
12987.5
12990.63
12993.75
12996.87
13000
13003.13
13006.25
13009.37
13012.5
13015.63
13018.75
13021.88
13025
13028.12
13031.25
13034.38
13037.5
13040.62
13043.75
13046.88
13050
13053.13
13056.25
13059.37
13062.5
13065.63
13068.75
13071.87
13075
13078.13
13081.25
13084.38
13087.5
13090.62
13093.75
13096.88
13100
13103.12
13106.25
13109.38
13112.5
13115.63
13118.75
13121.87
13125
13128.13
13131.25
13134.37
13137.5
13140.63
13143.75
13146.88
13150
13153.12
13156.25
13159.38
13162.5
13165.62
13168.75
13171.88
13175
13178.13
13181.25
13184.37
13187.5
13190.63
13193.75
13196.87
13200
13203.13
13206.25
13209.38
13212.5
13215.62
13218.75
13221.88
13225
13228.12
13231.25
13234.38
13237.5
13240.63
13243.75
13246.87
13250
13253.13
13256.25
13259.37
13262.5
13265.63
13268.75
13271.88
13275
13278.12
13281.25
13284.38
13287.5
13290.62
13293.75
13296.88
13300
13303.13
13306.25
13309.37
13312.5
13315.63
13318.75
13321.87
13325
13328.13
13331.25
13334.38
13337.5
13340.62
13343.75
13346.88
13350
13353.12
13356.25
13359.38
13362.5
13365.63
13368.75
13371.87
13375
13378.13
13381.25
13384.37
13387.5
13390.63
13393.75
13396.88
13400
13403.12
13406.25
13409.38
13412.5
13415.62
13418.75
13421.88
13425
13428.13
13431.25
13434.37
13437.5
13440.63
13443.75
13446.87
13450
13453.13
13456.25
13459.38
13462.5
13465.62
13468.75
13471.88
13475
13478.12
13481.25
13484.38
13487.5
13490.63
13493.75
13496.87
13500
13503.13
13506.25
13509.37
13512.5
13515.63
13518.75
13521.88
13525
13528.12
13531.25
13534.38
13537.5
13540.62
13543.75
13546.88
13550
13553.13
13556.25
13559.37
13562.5
13565.63
13568.75
13571.87
13575
13578.13
13581.25
13584.38
13587.5
13590.62
13593.75
13596.88
13600
13603.12
13606.25
13609.38
13612.5
13615.63
13618.75
13621.87
13625
13628.13
13631.25
13634.37
13637.5
13640.63
13643.75
13646.88
13650
13653.12
13656.25
13659.38
13662.5
13665.62
13668.75
13671.88
13675
13678.13
13681.25
13684.37
13687.5
13690.63
13693.75
13696.87
13700
13703.13
13706.25
13709.38
13712.5
13715.62
13718.75
13721.88
13725
13728.12
13731.25
13734.38
13737.5
13740.63
13743.75
13746.87
13750
13753.13
13756.25
13759.37
13762.5
13765.63
13768.75
13771.88
13775
13778.12
13781.25
13784.38
13787.5
13790.62
13793.75
13796.88
13800
13803.13
13806.25
13809.37
13812.5
13815.63
13818.75
13821.87
13825
13828.13
13831.25
13834.38
13837.5
13840.62
13843.75
13846.88
13850
13853.12
13856.25
13859.38
13862.5
13865.63
13868.75
13871.87
13875
13878.13
13881.25
13884.37
13887.5
13890.63
13893.75
13896.88
13900
13903.12
13906.25
13909.38
13912.5
13915.62
13918.75
13921.88
13925
13928.13
13931.25
13934.37
13937.5
13940.63
13943.75
13946.87
13950
13953.13
13956.25
13959.38
13962.5
13965.62
13968.75
13971.88
13975
13978.12
13981.25
13984.38
13987.5
13990.63
13993.75
13996.87
14000
14003.13
14006.25
14009.37
14012.5
14015.63
14018.75
14021.88
14025
14028.12
14031.25
14034.38
14037.5
14040.62
14043.75
14046.88
14050
14053.13
14056.25
14059.37
14062.5
14065.63
14068.75
14071.87
14075
14078.13
14081.25
14084.38
14087.5
14090.62
14093.75
14096.88
14100
14103.12
14106.25
14109.38
14112.5
14115.63
14118.75
14121.87
14125
14128.13
14131.25
14134.37
14137.5
14140.63
14143.75
14146.88
14150
14153.12
14156.25
14159.38
14162.5
14165.62
14168.75
14171.88
14175
14178.13
14181.25
14184.37
14187.5
14190.63
14193.75
14196.87
14200
14203.13
14206.25
14209.38
14212.5
14215.62
14218.75
14221.88
14225
14228.12
14231.25
14234.38
14237.5
14240.63
14243.75
14246.87
14250
14253.13
14256.25
14259.37
14262.5
14265.63
14268.75
14271.88
14275
14278.12
14281.25
14284.38
14287.5
14290.62
14293.75
14296.88
14300
14303.13
14306.25
14309.37
14312.5
14315.63
14318.75
14321.87
14325
14328.13
14331.25
14334.38
14337.5
14340.62
14343.75
14346.88
14350
14353.12
14356.25
14359.38
14362.5
14365.63
14368.75
14371.87
14375
14378.13
14381.25
14384.37
14387.5
14390.63
14393.75
14396.88
14400
14403.12
14406.25
14409.38
14412.5
14415.62
14418.75
14421.88
14425
14428.13
14431.25
14434.37
14437.5
14440.63
14443.75
14446.87
14450
14453.13
14456.25
14459.38
14462.5
14465.62
14468.75
14471.88
14475
14478.12
14481.25
14484.38
14487.5
14490.63
14493.75
14496.87
14500
14503.13
14506.25
14509.37
14512.5
14515.63
14518.75
14521.88
14525
14528.12
14531.25
14534.38
14537.5
14540.62
14543.75
14546.88
14550
14553.13
14556.25
14559.37
14562.5
14565.63
14568.75
14571.87
14575
14578.13
14581.25
14584.38
14587.5
14590.62
14593.75
14596.88
14600
14603.12
14606.25
14609.38
14612.5
14615.63
14618.75
14621.87
14625
14628.13
14631.25
14634.37
14637.5
14640.63
14643.75
14646.88
14650
14653.12
14656.25
14659.38
14662.5
14665.62
14668.75
14671.88
14675
14678.13
14681.25
14684.37
14687.5
14690.63
14693.75
14696.87
14700
14703.13
14706.25
14709.38
14712.5
14715.62
14718.75
14721.88
14725
14728.12
14731.25
14734.38
14737.5
14740.63
14743.75
14746.87
14750
14753.13
14756.25
14759.37
14762.5
14765.63
14768.75
14771.88
14775
14778.12
14781.25
14784.38
14787.5
14790.62
14793.75
14796.88
14800
14803.13
14806.25
14809.37
14812.5
14815.63
14818.75
14821.87
14825
14828.13
14831.25
14834.38
14837.5
14840.62
14843.75
14846.88
14850
14853.12
14856.25
14859.38
14862.5
14865.63
14868.75
14871.87
14875
14878.13
14881.25
14884.37
14887.5
14890.63
14893.75
14896.88
14900
14903.12
14906.25
14909.38
14912.5
14915.62
14918.75
14921.88
14925
14928.13
14931.25
14934.37
14937.5
14940.63
14943.75
14946.87
14950
14953.13
14956.25
14959.38
14962.5
14965.62
14968.75
14971.88
14975
14978.12
14981.25
14984.38
14987.5
14990.63
14993.75
14996.87
15000
15003.13
15006.25
15009.37
15012.5
15015.63
15018.75
15021.88
15025
15028.12
15031.25
15034.38
15037.5
15040.62
15043.75
15046.88
15050
15053.13
15056.25
15059.37
15062.5
15065.63
15068.75
15071.87
15075
15078.13
15081.25
15084.38
15087.5
15090.62
15093.75
15096.88
15100
15103.12
15106.25
15109.38
15112.5
15115.63
15118.75
15121.87
15125
15128.13
15131.25
15134.37
15137.5
15140.63
15143.75
15146.88
15150
15153.12
15156.25
15159.38
15162.5
15165.62
15168.75
15171.88
15175
15178.13
15181.25
15184.37
15187.5
15190.63
15193.75
15196.87
15200
15203.13
15206.25
15209.38
15212.5
15215.62
15218.75
15221.88
15225
15228.12
15231.25
15234.38
15237.5
15240.63
15243.75
15246.87
15250
15253.13
15256.25
15259.37
15262.5
15265.63
15268.75
15271.88
15275
15278.12
15281.25
15284.38
15287.5
15290.62
15293.75
15296.88
15300
15303.13
15306.25
15309.37
15312.5
15315.63
15318.75
15321.87
15325
15328.13
15331.25
15334.38
15337.5
15340.62
15343.75
15346.88
15350
15353.12
15356.25
15359.38
15362.5
15365.63
15368.75
15371.87
15375
15378.13
15381.25
15384.37
15387.5
15390.63
15393.75
15396.88
15400
15403.12
15406.25
15409.38
15412.5
15415.62
15418.75
15421.88
15425
15428.13
15431.25
15434.37
15437.5
15440.63
15443.75
15446.87
15450
15453.13
15456.25
15459.38
15462.5
15465.62
15468.75
15471.88
15475
15478.12
15481.25
15484.38
15487.5
15490.63
15493.75
15496.87
15500
15503.13
15506.25
15509.37
15512.5
15515.63
15518.75
15521.88
15525
15528.12
15531.25
15534.38
15537.5
15540.62
15543.75
15546.88
15550
15553.13
15556.25
15559.37
15562.5
15565.63
15568.75
15571.87
15575
15578.13
15581.25
15584.38
15587.5
15590.62
15593.75
15596.88
15600
15603.12
15606.25
15609.38
15612.5
15615.63
15618.75
15621.87
15625
15628.13
15631.25
15634.37
15637.5
15640.63
15643.75
15646.88
15650
15653.12
15656.25
15659.38
15662.5
15665.62
15668.75
15671.88
15675
15678.13
15681.25
15684.37
15687.5
15690.63
15693.75
15696.87
15700
15703.13
15706.25
15709.38
15712.5
15715.62
15718.75
15721.88
15725
15728.12
15731.25
15734.38
15737.5
15740.63
15743.75
15746.87
15750
15753.13
15756.25
15759.37
15762.5
15765.63
15768.75
15771.88
15775
15778.12
15781.25
15784.38
15787.5
15790.62
15793.75
15796.88
15800
15803.13
15806.25
15809.37
15812.5
15815.63
15818.75
15821.87
15825
15828.13
15831.25
15834.38
15837.5
15840.62
15843.75
15846.88
15850
15853.12
15856.25
15859.38
15862.5
15865.63
15868.75
15871.87
15875
15878.13
15881.25
15884.37
15887.5
15890.63
15893.75
15896.88
15900
15903.12
15906.25
15909.38
15912.5
15915.62
15918.75
15921.88
15925
15928.13
15931.25
15934.37
15937.5
15940.63
15943.75
15946.87
15950
15953.13
15956.25
15959.38
15962.5
15965.62
15968.75
15971.88
15975
15978.12
15981.25
15984.38
15987.5
15990.63
15993.75
15996.87
16000
16003.12
16006.25
16009.37
16012.5
16015.63
16018.75
16021.88
16025
16028.13
16031.25
16034.37
16037.5
16040.62
16043.75
16046.88
16050
16053.13
16056.25
16059.38
16062.5
16065.62
16068.75
16071.87
16075
16078.13
16081.25
16084.38
16087.5
16090.63
16093.75
16096.87
16100
16103.12
16106.25
16109.38
16112.5
16115.63
16118.75
16121.88
16125
16128.12
16131.25
16134.37
16137.5
16140.63
16143.75
16146.88
16150
16153.13
16156.25
16159.37
16162.5
16165.62
16168.75
16171.88
16175
16178.13
16181.25
16184.38
16187.5
16190.62
16193.75
16196.87
16200
16203.13
16206.25
16209.38
16212.5
16215.63
16218.75
16221.87
16225
16228.12
16231.25
16234.38
16237.5
16240.63
16243.75
16246.88
16250
16253.12
16256.25
16259.37
16262.5
16265.63
16268.75
16271.88
16275
16278.13
16281.25
16284.37
16287.5
16290.62
16293.75
16296.88
16300
16303.13
16306.25
16309.38
16312.5
16315.62
16318.75
16321.87
16325
16328.13
16331.25
16334.38
16337.5
16340.63
16343.75
16346.87
16350
16353.12
16356.25
16359.38
16362.5
16365.63
16368.75
16371.88
16375
16378.12
16381.25
16384.37
16387.5
16390.63
16393.75
16396.88
16400
16403.13
16406.25
16409.37
16412.5
16415.62
16418.75
16421.88
16425
16428.13
16431.25
16434.38
16437.5
16440.62
16443.75
16446.87
16450
16453.13
16456.25
16459.38
16462.5
16465.63
16468.75
16471.87
16475
16478.12
16481.25
16484.38
16487.5
16490.63
16493.75
16496.88
16500
16503.12
16506.25
16509.37
16512.5
16515.63
16518.75
16521.88
16525
16528.13
16531.25
16534.37
16537.5
16540.62
16543.75
16546.88
16550
16553.13
16556.25
16559.38
16562.5
16565.62
16568.75
16571.87
16575
16578.13
16581.25
16584.38
16587.5
16590.63
16593.75
16596.87
16600
16603.12
16606.25
16609.38
16612.5
16615.63
16618.75
16621.88
16625
16628.12
16631.25
16634.37
16637.5
16640.63
16643.75
16646.88
16650
16653.13
16656.25
16659.37
16662.5
16665.62
16668.75
16671.88
16675
16678.13
16681.25
16684.38
16687.5
16690.62
16693.75
16696.87
16700
16703.13
16706.25
16709.38
16712.5
16715.63
16718.75
16721.87
16725
16728.12
16731.25
16734.38
16737.5
16740.63
16743.75
16746.88
16750
16753.12
16756.25
16759.37
16762.5
16765.63
16768.75
16771.88
16775
16778.13
16781.25
16784.37
16787.5
16790.62
16793.75
16796.88
16800
16803.13
16806.25
16809.38
16812.5
16815.62
16818.75
16821.87
16825
16828.13
16831.25
16834.38
16837.5
16840.63
16843.75
16846.87
16850
16853.12
16856.25
16859.38
16862.5
16865.63
16868.75
16871.88
16875
16878.12
16881.25
16884.37
16887.5
16890.63
16893.75
16896.88
16900
16903.13
16906.25
16909.37
16912.5
16915.62
16918.75
16921.88
16925
16928.13
16931.25
16934.38
16937.5
16940.62
16943.75
16946.87
16950
16953.13
16956.25
16959.38
16962.5
16965.63
16968.75
16971.87
16975
16978.12
16981.25
16984.38
16987.5
16990.63
16993.75
16996.88
17000
17003.12
17006.25
17009.37
17012.5
17015.63
17018.75
17021.88
17025
17028.13
17031.25
17034.37
17037.5
17040.62
17043.75
17046.88
17050
17053.13
17056.25
17059.38
17062.5
17065.62
17068.75
17071.87
17075
17078.13
17081.25
17084.38
17087.5
17090.63
17093.75
17096.87
17100
17103.12
17106.25
17109.38
17112.5
17115.63
17118.75
17121.88
17125
17128.12
17131.25
17134.37
17137.5
17140.63
17143.75
17146.88
17150
17153.13
17156.25
17159.37
17162.5
17165.62
17168.75
17171.88
17175
17178.13
17181.25
17184.38
17187.5
17190.62
17193.75
17196.87
17200
17203.13
17206.25
17209.38
17212.5
17215.63
17218.75
17221.87
17225
17228.12
17231.25
17234.38
17237.5
17240.63
17243.75
17246.88
17250
17253.12
17256.25
17259.37
17262.5
17265.63
17268.75
17271.88
17275
17278.13
17281.25
17284.37
17287.5
17290.62
17293.75
17296.88
17300
17303.13
17306.25
17309.38
17312.5
17315.62
17318.75
17321.87
17325
17328.13
17331.25
17334.38
17337.5
17340.63
17343.75
17346.87
17350
17353.12
17356.25
17359.38
17362.5
17365.63
17368.75
17371.88
17375
17378.12
17381.25
17384.37
17387.5
17390.63
17393.75
17396.88
17400
17403.13
17406.25
17409.37
17412.5
17415.62
17418.75
17421.88
17425
17428.13
17431.25
17434.38
17437.5
17440.62
17443.75
17446.87
17450
17453.13
17456.25
17459.38
17462.5
17465.63
17468.75
17471.87
17475
17478.12
17481.25
17484.38
17487.5
17490.63
17493.75
17496.88
17500
17503.12
17506.25
17509.37
17512.5
17515.63
17518.75
17521.88
17525
17528.13
17531.25
17534.37
17537.5
17540.62
17543.75
17546.88
17550
17553.13
17556.25
17559.38
17562.5
17565.62
17568.75
17571.87
17575
17578.13
17581.25
17584.38
17587.5
17590.63
17593.75
17596.87
17600
17603.12
17606.25
17609.38
17612.5
17615.63
17618.75
17621.88
17625
17628.12
17631.25
17634.37
17637.5
17640.63
17643.75
17646.88
17650
17653.13
17656.25
17659.37
17662.5
17665.62
17668.75
17671.88
17675
17678.13
17681.25
17684.38
17687.5
17690.62
17693.75
17696.87
17700
17703.13
17706.25
17709.38
17712.5
17715.63
17718.75
17721.87
17725
17728.12
17731.25
17734.38
17737.5
17740.63
17743.75
17746.88
17750
17753.12
17756.25
17759.37
17762.5
17765.63
17768.75
17771.88
17775
17778.13
17781.25
17784.37
17787.5
17790.62
17793.75
17796.88
17800
17803.13
17806.25
17809.38
17812.5
17815.62
17818.75
17821.87
17825
17828.13
17831.25
17834.38
17837.5
17840.63
17843.75
17846.87
17850
17853.12
17856.25
17859.38
17862.5
17865.63
17868.75
17871.88
17875
17878.12
17881.25
17884.37
17887.5
17890.63
17893.75
17896.88
17900
17903.13
17906.25
17909.37
17912.5
17915.62
17918.75
17921.88
17925
17928.13
17931.25
17934.38
17937.5
17940.62
17943.75
17946.87
17950
17953.13
17956.25
17959.38
17962.5
17965.63
17968.75
17971.87
17975
17978.12
17981.25
17984.38
17987.5
17990.63
17993.75
17996.88
18000
18003.12
18006.25
18009.37
18012.5
18015.63
18018.75
18021.88
18025
18028.13
18031.25
18034.37
18037.5
18040.62
18043.75
18046.88
18050
18053.13
18056.25
18059.38
18062.5
18065.62
18068.75
18071.87
18075
18078.13
18081.25
18084.38
18087.5
18090.63
18093.75
18096.87
18100
18103.12
18106.25
18109.38
18112.5
18115.63
18118.75
18121.88
18125
18128.12
18131.25
18134.37
18137.5
18140.63
18143.75
18146.88
18150
18153.13
18156.25
18159.37
18162.5
18165.62
18168.75
18171.88
18175
18178.13
18181.25
18184.38
18187.5
18190.62
18193.75
18196.87
18200
18203.13
18206.25
18209.38
18212.5
18215.63
18218.75
18221.87
18225
18228.12
18231.25
18234.38
18237.5
18240.63
18243.75
18246.88
18250
18253.12
18256.25
18259.37
18262.5
18265.63
18268.75
18271.88
18275
18278.13
18281.25
18284.37
18287.5
18290.62
18293.75
18296.88
18300
18303.13
18306.25
18309.38
18312.5
18315.62
18318.75
18321.87
18325
18328.13
18331.25
18334.38
18337.5
18340.63
18343.75
18346.87
18350
18353.12
18356.25
18359.38
18362.5
18365.63
18368.75
18371.88
18375
18378.12
18381.25
18384.37
18387.5
18390.63
18393.75
18396.88
18400
18403.13
18406.25
18409.37
18412.5
18415.62
18418.75
18421.88
18425
18428.13
18431.25
18434.38
18437.5
18440.62
18443.75
18446.87
18450
18453.13
18456.25
18459.38
18462.5
18465.63
18468.75
18471.87
18475
18478.12
18481.25
18484.38
18487.5
18490.63
18493.75
18496.88
18500
18503.12
18506.25
18509.37
18512.5
18515.63
18518.75
18521.88
18525
18528.13
18531.25
18534.37
18537.5
18540.62
18543.75
18546.88
18550
18553.13
18556.25
18559.38
18562.5
18565.62
18568.75
18571.87
18575
18578.13
18581.25
18584.38
18587.5
18590.63
18593.75
18596.87
18600
18603.12
18606.25
18609.38
18612.5
18615.63
18618.75
18621.88
18625
18628.12
18631.25
18634.37
18637.5
18640.63
18643.75
18646.88
18650
18653.13
18656.25
18659.37
18662.5
18665.62
18668.75
18671.88
18675
18678.13
18681.25
18684.38
18687.5
18690.62
18693.75
18696.87
18700
18703.13
18706.25
18709.38
18712.5
18715.63
18718.75
18721.87
18725
18728.12
18731.25
18734.38
18737.5
18740.63
18743.75
18746.88
18750
18753.12
18756.25
18759.37
18762.5
18765.63
18768.75
18771.88
18775
18778.13
18781.25
18784.37
18787.5
18790.62
18793.75
18796.88
18800
18803.13
18806.25
18809.38
18812.5
18815.62
18818.75
18821.87
18825
18828.13
18831.25
18834.38
18837.5
18840.63
18843.75
18846.87
18850
18853.12
18856.25
18859.38
18862.5
18865.63
18868.75
18871.88
18875
18878.12
18881.25
18884.37
18887.5
18890.63
18893.75
18896.88
18900
18903.13
18906.25
18909.37
18912.5
18915.62
18918.75
18921.88
18925
18928.13
18931.25
18934.38
18937.5
18940.62
18943.75
18946.87
18950
18953.13
18956.25
18959.38
18962.5
18965.63
18968.75
18971.87
18975
18978.12
18981.25
18984.38
18987.5
18990.63
18993.75
18996.88
19000
19003.12
19006.25
19009.37
19012.5
19015.63
19018.75
19021.88
19025
19028.13
19031.25
19034.37
19037.5
19040.62
19043.75
19046.88
19050
19053.13
19056.25
19059.38
19062.5
19065.62
19068.75
19071.87
19075
19078.13
19081.25
19084.38
19087.5
19090.63
19093.75
19096.87
19100
19103.12
19106.25
19109.38
19112.5
19115.63
19118.75
19121.88
19125
19128.12
19131.25
19134.37
19137.5
19140.63
19143.75
19146.88
19150
19153.13
19156.25
19159.37
19162.5
19165.62
19168.75
19171.88
19175
19178.13
19181.25
19184.38
19187.5
19190.62
19193.75
19196.87
19200
19203.13
19206.25
19209.38
19212.5
19215.63
19218.75
19221.87
19225
19228.12
19231.25
19234.38
19237.5
19240.63
19243.75
19246.88
19250
19253.12
19256.25
19259.37
19262.5
19265.63
19268.75
19271.88
19275
19278.13
19281.25
19284.37
19287.5
19290.62
19293.75
19296.88
19300
19303.13
19306.25
19309.38
19312.5
19315.62
19318.75
19321.87
19325
19328.13
19331.25
19334.38
19337.5
19340.63
19343.75
19346.87
19350
19353.12
19356.25
19359.38
19362.5
19365.63
19368.75
19371.88
19375
19378.12
19381.25
19384.37
19387.5
19390.63
19393.75
19396.88
19400
19403.13
19406.25
19409.37
19412.5
19415.62
19418.75
19421.88
19425
19428.13
19431.25
19434.38
19437.5
19440.62
19443.75
19446.87
19450
19453.13
19456.25
19459.38
19462.5
19465.63
19468.75
19471.87
19475
19478.12
19481.25
19484.38
19487.5
19490.63
19493.75
19496.88
19500
19503.12
19506.25
19509.37
19512.5
19515.63
19518.75
19521.88
19525
19528.13
19531.25
19534.37
19537.5
19540.62
19543.75
19546.88
19550
19553.13
19556.25
19559.38
19562.5
19565.62
19568.75
19571.87
19575
19578.13
19581.25
19584.38
19587.5
19590.63
19593.75
19596.87
19600
19603.12
19606.25
19609.38
19612.5
19615.63
19618.75
19621.88
19625
19628.12
19631.25
19634.37
19637.5
19640.63
19643.75
19646.88
19650
19653.13
19656.25
19659.37
19662.5
19665.62
19668.75
19671.88
19675
19678.13
19681.25
19684.38
19687.5
19690.62
19693.75
19696.87
19700
19703.13
19706.25
19709.38
19712.5
19715.63
19718.75
19721.87
19725
19728.12
19731.25
19734.38
19737.5
19740.63
19743.75
19746.88
19750
19753.12
19756.25
19759.37
19762.5
19765.63
19768.75
19771.88
19775
19778.13
19781.25
19784.37
19787.5
19790.62
19793.75
19796.88
19800
19803.13
19806.25
19809.38
19812.5
19815.62
19818.75
19821.87
19825
19828.13
19831.25
19834.38
19837.5
19840.63
19843.75
19846.87
19850
19853.12
19856.25
19859.38
19862.5
19865.63
19868.75
19871.88
19875
19878.12
19881.25
19884.37
19887.5
19890.63
19893.75
19896.88
19900
19903.13
19906.25
19909.37
19912.5
19915.62
19918.75
19921.88
19925
19928.13
19931.25
19934.38
19937.5
19940.62
19943.75
19946.87
19950
19953.13
19956.25
19959.38
19962.5
19965.63
19968.75
19971.87
19975
19978.12
19981.25
19984.38
19987.5
19990.63
19993.75
19996.88
20000
